spawns: 
  default: 
    world: world
    x: -16.709399564477696
    y: 149.0
    z: 26.28834859901245
    yaw: 49.690735
    pitch: -7.805364
